100 100
2933 4635 1931 649 3705 3759 4451 3350 382 3121 2651 4295 406 2260 3649 1112 4887 3471 434 4838 420 3982 3248 3303 3473 935 3008 336 130 4572 4111 2895 1108 4816 4255 4594 2994 677 3969 4590 3374 211 2867 1863 3248 711 2154 1968 4361 515 309 1179 746 3307 3786 4981 416 2129 4843 3981 832 2562 1815 4313 2206 4330 4116 4892 757 264 1485 3538 4270 980 4270 1600 4146 2380 3524 1449 1338 620 3811 737 630 2252 1833 4554 4101 3365 265 3885 2254 1345 2912 4089 1942 3762 1949 3294
2511 789 3313 139 1181 2031 4950 3541 72 3996 2082 3115 2409 3596 2442 2024 3156 222 2238 189 3732 1859 4386 1688 716 935 4600 3936 2061 4923 2615 2389 3347 2184 207 4852 4457 124 4988 4638 1291 3517 482 3714 3554 3731 3717 906 2728 2727 4982 642 1308 2150 801 224 608 3894 3889 2686 4529 2186 2699 3647 3856 1949 1236 857 3704 3883 2997 1481 11 237 3382 3224 1760 4239 4704 3774 4306 3179 4132 2380 4832 3828 127 1911 4063 2789 2590 2812 1578 2290 1588 2665 1406 1063 151 2478
3281 2157 2224 3714 754 592 2203 2346 3307 1529 3881 2898 3077 4363 3241 4185 3400 297 1478 1974 336 4488 43 4935 2532 2841 3256 1677 933 3020 83 3855 3181 3923 3435 1844 2539 2407 4062 372 3954 3778 4345 1609 653 817 4914 4282 4236 524 4785 862 4587 2312 1023 3638 4794 1860 1197 4647 2167 3248 3892 2581 3879 2941 493 3682 3670 2693 1811 4621 3047 52 3416 400 3062 3687 3641 4723 317 4714 3135 1542 344 654 3912 2821 182 4820 3171 3073 3026 2250 2621 2381 891 2645 1401 4900
3006 21 2570 2819 2375 2560 1696 3817 349 62 4988 393 138 2459 1629 3096 2087 70 3326 1725 4499 2632 1265 282 3489 4408 1047 3658 1557 522 4298 1400 3091 2166 4191 3417 2004 867 2367 483 1402 2202 2845 3329 4656 2036 2757 3047 4846 2594 508 2113 1974 1899 783 4136 2740 2578 167 4700 4713 2698 2539 4978 1860 2437 4703 2406 3508 1765 4266 2955 3659 1723 1231 597 710 4953 4232 431 455 190 4166 2625 2979 1121 3689 1244 2502 4866 953 2341 3624 4646 3798 3709 1409 4741 3820 3551
4157 2982 4908 3059 4411 3538 4733 2183 4817 614 1281 214 3946 2506 3203 3155 4567 4103 4957 45 4640 148 1161 1181 1343 4410 1936 3646 4566 3579 1470 1458 3414 2552 291 2917 3558 2101 3939 4930 3225 4992 3201 3185 517 2006 4859 1571 2680 3048 1359 813 2558 1575 1627 4417 2933 3116 1704 856 2992 4603 4680 2674 2465 576 3898 4139 3652 1288 4589 2350 4540 4550 60 1719 4217 3603 2547 32 2851 305 440 190 767 2495 961 2313 4283 1189 1863 1196 4937 4248 1563 1702 3739 2996 779 992
266 3436 407 4040 3992 3137 969 2258 1547 3867 2087 3203 4939 98 1670 2657 2639 2652 2279 2199 2930 3136 4837 891 2519 1234 3030 803 1680 198 3848 4881 1357 3456 1474 4761 2786 4371 3574 4100 3911 135 2661 1709 4584 2465 4730 710 3614 2418 4188 1666 3006 1798 1281 4901 3890 2166 4869 3591 2351 4481 2486 1876 189 2669 1962 931 4997 1309 3114 109 3377 2221 1264 4660 2818 1370 1053 2086 1410 4759 4958 246 3531 726 4860 3331 542 3376 55 3011 3274 758 4191 3115 4187 959 2392 1626
1809 1272 569 897 809 4223 367 1840 502 1151 1424 405 4835 4291 4744 3555 4745 1368 90 3762 775 3932 728 1637 3213 1908 4656 197 332 3402 4464 737 4914 4775 1420 2689 4342 1455 2660 3485 1216 3379 3414 998 3147 250 3571 1481 4579 3254 433 4197 1766 1816 2797 1109 249 408 4249 4761 2643 4287 3417 2254 4392 566 2484 109 2973 816 1518 811 1299 827 4145 1416 357 3882 3243 2253 879 4724 1486 4400 359 4205 2445 2905 3793 4268 2850 1107 3092 1681 1667 4957 1572 3838 2034 4421
2476 4652 71 4485 4219 4979 549 514 3697 656 344 330 4188 2215 3260 3992 4259 1112 863 2524 2609 403 1621 4726 3462 394 4425 4653 2483 3283 2602 2662 2592 3633 553 691 1256 1892 453 4089 552 2287 3142 3382 3494 3955 1951 4557 1909 2835 4778 1180 4878 831 4982 2727 1052 2277 1279 1187 4381 4683 4310 604 4585 4920 3847 1481 1843 861 4541 4618 959 2453 1583 564 4601 1241 764 3038 3925 275 3281 2714 3854 2610 4238 3573 1715 2705 3760 68 2365 1582 3519 3824 1957 3036 3965 2968
4826 2902 25 2573 3428 91 2384 4380 1386 3823 3391 1532 2778 691 4584 2313 1074 2623 2236 2200 1144 4691 2137 171 335 1956 4814 4617 1414 199 1809 188 2357 490 1649 1914 354 2467 1055 1225 2148 525 4046 84 1873 2498 1092 3334 4968 801 3290 4491 4609 2259 4818 813 4379 1240 2494 4678 2835 929 440 1232 564 988 4718 4075 1279 4034 1355 1998 1196 2691 4080 4855 4707 867 1876 2319 2158 1988 4547 4401 4741 4605 552 1289 4595 2098 1685 3331 4207 2800 4957 2397 1762 1694 1955 2669
185 2409 963 3936 2155 955 2292 1635 3197 3579 789 2906 447 395 214 3955 209 2819 1781 4313 2275 250 669 252 4696 1473 4921 1005 3225 1201 1928 4336 3385 4669 4103 4440 975 2500 556 4684 4757 4870 2863 1127 1661 4561 4104 3422 4842 3913 3268 2345 4661 373 2587 4980 704 2681 1884 2509 3941 2177 1190 215 42 1009 1634 3252 3035 718 4738 3572 2922 779 4559 4012 3350 2467 1750 1365 3527 1046 2206 4769 3616 2363 3498 3019 1473 3043 4526 1631 1743 3554 903 2847 1334 1890 30 4889
1714 4800 4818 2966 1701 4107 2984 1730 34 4012 3809 2731 2644 2586 20 2353 3173 2470 318 2860 654 2683 3830 31 969 2352 648 4182 4887 4714 1928 3234 4458 4998 4510 59 975 4278 2620 3201 1727 4 2009 2614 2711 1883 4722 4108 3242 4790 4404 3005 3791 976 1310 3807 4358 2287 795 2173 4165 2484 954 3878 4714 566 4431 3747 2847 2 3981 2011 3474 2411 1126 2580 2959 4513 5 1443 3210 2258 1191 1032 2620 3511 2428 2208 4351 1855 226 3559 2986 979 4750 1293 4279 3796 1358 3614
3062 999 2348 3180 4545 3389 3791 4875 4031 4953 562 3420 3356 4102 1524 12 3628 2644 605 3065 4551 2364 3222 2885 1818 1329 4961 330 1724 515 2163 4586 1990 1765 3058 623 2657 378 2362 334 3778 3388 651 2473 4920 3427 1259 4788 3897 179 4497 529 1546 1194 4451 4220 2687 19 223 2613 886 2125 1599 1490 2760 2296 3869 1401 225 1892 3894 4835 868 1264 3628 4430 3712 1239 3255 2652 945 3562 145 615 4229 2461 4321 1360 2104 4256 2906 1084 4328 4822 4639 3402 926 4753 66 719
4428 3336 2199 4526 1437 2315 580 2437 4494 4288 2189 3925 4142 201 3901 45 832 2910 2561 2378 3432 488 4288 716 3822 167 1748 2582 3462 2522 1008 571 3103 4335 4845 1864 264 1905 2636 3411 4427 2629 2114 762 2301 4872 1174 2632 912 784 2249 855 488 3699 3693 2502 1600 4678 3909 4600 4588 913 2566 1048 3704 2000 1771 3918 2887 2823 216 2905 595 4244 774 639 455 1375 3361 4493 339 4608 3220 1544 1942 4915 3439 4490 4339 683 2235 3111 3379 4049 4633 3345 948 2444 3669 3477
4382 4281 3276 532 2796 1953 1871 2613 787 1774 4070 4696 4700 113 3728 4977 1715 2148 2385 3557 1550 1171 3627 276 3318 2904 1789 1311 98 3708 1484 569 1520 4621 1219 2420 555 3165 3850 1067 3035 716 1618 3554 618 2815 1350 678 798 3458 4697 3775 4721 1420 4618 2600 3677 3633 4549 4201 3536 353 1903 2517 2630 4649 2039 3414 4961 2246 2000 2768 4960 882 4982 4959 4141 4374 1604 891 2785 2251 1187 427 3026 4438 544 3122 2298 4234 1765 1842 2714 4788 577 3085 1827 3555 877 1311
2395 2047 742 3047 4398 3685 288 2694 2067 4036 2062 1304 1792 4952 2068 1939 4412 2829 2161 2879 4911 3520 1975 3481 2408 292 3341 4377 3623 637 4223 4631 241 488 4845 4711 1972 1345 2140 4959 17 1973 1197 558 3705 4945 784 2392 2341 1075 2113 4415 4271 4061 2692 1598 3998 4720 1456 615 4254 671 2151 3614 1487 1233 45 2639 3048 1037 1115 519 1430 201 3176 2095 411 1727 2110 339 2591 1542 1956 1165 4992 4219 1150 2097 14 1797 1219 2600 2409 2056 4307 3416 3952 1998 4092 2475
984 1625 2267 1360 3849 272 3854 1347 3151 2584 2157 1114 3636 2720 4648 4801 3259 3650 2891 4094 2441 141 160 164 330 329 3390 406 3162 4627 3532 4822 4496 1192 2472 2379 499 4475 2550 317 3944 2447 1538 646 449 4582 4048 1505 2068 2240 2109 1913 4188 3526 1563 968 750 2018 959 865 2650 618 2026 1181 1745 1366 148 3135 453 3342 1334 1160 4807 1687 481 2489 3620 4674 913 2370 4268 4423 1458 4743 3083 949 4730 4671 53 2552 1649 4751 4217 1350 495 2942 3324 3157 2374 4528
1764 2239 120 2987 2921 116 851 3422 2156 2312 4791 3606 3952 2041 1394 2599 2147 1026 3965 3855 100 4301 1219 2991 1843 1234 3281 539 2290 427 2106 4106 1533 4099 4594 116 997 766 3302 2243 4045 4811 722 3220 2672 11 2760 1877 2754 3889 2752 3798 4833 4102 748 2728 1703 4576 3785 4620 2268 1639 4456 3994 188 1025 341 2536 3756 1717 1219 3472 432 2492 2536 3015 1012 648 2797 3902 4591 216 974 4548 2551 3022 3262 1336 4233 473 288 2066 2735 2337 2657 3695 2028 4900 2574 2333
2329 1234 2432 2174 1505 2597 3939 2819 3974 4381 963 2527 3083 970 1601 1611 3301 3441 1007 223 1396 3615 1450 760 1817 1400 4190 2373 3220 2111 799 4954 2861 506 3881 784 343 41 4656 2250 3768 2932 3660 4786 3732 956 4397 4518 556 4708 2561 2629 3848 1347 3402 124 2006 2783 1405 3640 3702 1763 3550 2106 295 1350 4750 1323 4112 2064 3030 1456 628 4737 4504 808 1789 1876 4039 2361 3846 2532 4770 2560 3703 3197 2828 91 3008 1717 914 4272 224 619 2333 4393 2587 2138 2496 1087
4368 2813 484 935 3632 3768 1733 2899 4192 254 3095 4658 2132 100 1540 1131 1628 2799 2600 1995 3606 765 3151 3085 333 585 4530 1072 3935 2896 2070 1925 496 1710 2831 4001 1261 2558 3200 3510 3662 3246 2072 416 464 524 3254 1691 245 1439 627 4321 2236 1106 1303 2906 2033 3833 4741 4883 197 1842 888 569 3418 2273 2104 757 1056 1927 1245 3233 4223 3915 3870 2027 4999 4153 4492 2355 120 4977 4575 3706 1545 4183 3569 2355 2923 1717 1120 4080 4874 4921 2190 3425 4575 2607 2708 3138
113 4514 2214 2497 2374 484 2925 929 4604 436 3579 1714 4425 3670 4050 2131 285 4856 2322 2878 2066 425 1130 4221 2658 4549 2543 35 2152 1059 3251 4519 2655 4312 2398 1719 1766 2546 205 3311 3711 4164 4034 4501 2740 3407 390 4242 2473 3540 2499 679 4147 3643 1920 272 2029 1114 232 1800 2702 3211 1974 4228 831 2359 3130 2825 3677 3611 2637 4611 4790 3423 2154 4377 690 499 635 4979 4268 4177 3864 999 104 4485 2452 2821 1329 3571 2011 3128 4124 1257 4376 4967 1752 1976 3799 4533
4225 2578 2093 4326 4537 3392 877 1458 2418 1865 439 3720 2850 3253 4158 4087 1724 2490 2687 1197 544 1735 1664 456 987 3271 4788 3419 4068 3085 1948 3007 4766 2230 2733 1693 953 1830 4897 88 1138 1774 382 2360 799 997 3565 2179 3757 2221 1657 718 4832 3101 3168 4029 3441 4607 3972 4847 2034 480 3299 1009 88 2785 743 2963 3731 2463 1582 1445 3561 2156 270 3373 2410 3861 3140 4577 2237 3353 97 2130 184 620 1665 4172 2227 4428 1654 587 343 1291 4914 3346 1454 2788 1305 3777
263 4585 4592 4339 4571 1688 2115 1160 1972 2305 3069 4843 3277 2638 1851 4604 435 1432 3434 944 2563 4791 1659 1436 4318 146 2490 87 4085 2896 2468 3992 876 271 483 1824 112 4772 3932 3696 4537 2538 3889 2484 4386 4154 2321 435 2587 4233 1949 937 2434 4121 2241 4226 3301 1294 1947 3228 4647 3765 3611 2055 2733 534 4717 887 3502 2344 661 3973 800 4973 605 3746 4500 2956 2608 209 2335 4234 549 2321 775 1721 1773 444 1830 3017 632 3398 1334 659 4584 1510 942 884 284 1715
1044 151 3590 412 4280 3714 837 4826 1672 4370 3610 4899 4566 233 1866 141 807 3470 1369 4555 1116 2939 3340 920 4694 1354 4680 3335 936 4491 250 3175 1171 1414 4564 3457 1156 2180 3913 3070 3347 3816 1330 4026 926 3319 878 173 3310 3283 1882 942 4521 527 2285 2507 1695 1382 4006 3486 1859 2389 1037 3113 3802 3587 2722 2577 123 3031 3207 330 2661 2035 2465 2734 1250 1160 3312 1594 4328 4619 3310 4006 4347 4088 1110 2820 1797 1877 2804 3631 4670 734 1653 4923 945 4170 28 4489
3878 2429 4587 3176 3873 2856 4338 1741 2942 2312 2418 4222 144 3571 2131 3036 3167 4585 343 4846 2177 1577 2817 1774 3320 4590 1307 1859 15 2605 1221 1501 2642 2446 3942 4707 3463 2937 1074 3384 7 2354 4549 1816 3568 4013 4708 1295 4242 4388 3172 2394 2097 3421 3692 992 1696 272 1120 3593 490 1850 583 3444 4594 2439 1467 1579 2934 3359 3091 1692 3216 410 1837 4646 203 1866 1378 207 3576 2581 3787 3076 4253 1194 1309 739 3249 4221 2767 326 23 710 3380 4759 328 1599 3153 822
2163 2715 4565 4092 373 1756 3274 4422 796 3884 93 813 1820 4792 589 1069 1746 4935 3360 2416 3323 3130 4413 1627 310 4522 4559 128 4740 2271 4429 3648 4775 1097 3560 3525 4673 2410 3491 950 4257 3376 2423 38 423 2203 1103 1973 4744 4148 4148 4177 1874 2155 2510 3263 2555 4350 1675 582 4676 1120 2911 4356 3894 820 3553 2342 3242 2598 3228 1849 1543 1804 1670 1618 3286 1416 332 1277 756 2604 4564 2986 4176 2623 4869 417 423 1553 553 2362 4407 3216 1847 2283 2920 76 2861 518
2629 4707 4648 4384 952 368 2417 4385 342 3744 3954 4076 2898 3380 2820 4736 1842 3230 2901 2874 1149 845 775 4858 4312 596 1789 2033 3973 1494 1589 3835 67 1791 1805 1342 1261 3781 3691 905 3652 3141 275 171 2101 4436 4522 2416 1158 2073 2122 4288 201 4838 3998 3256 3504 1651 82 4809 725 2031 3395 2015 1526 4619 4591 638 4957 4356 1851 1681 905 1300 4191 2170 1344 2582 816 3737 4580 2124 3458 356 4687 712 2029 4636 33 4890 3914 1975 535 1152 4999 1146 2018 2058 1091 2164
467 160 4172 2317 2586 1280 932 3364 1975 176 4229 3621 624 356 163 4651 2458 4384 908 4852 4436 4883 3736 3783 1513 1591 3539 3913 3240 4171 2645 3616 3860 4308 4928 1728 2244 2317 4336 1963 812 608 2404 4167 2345 2841 91 1248 4195 2038 2402 2198 520 1006 4188 1328 3869 3119 643 4365 277 1953 149 4329 1036 4067 313 4860 3190 1858 3155 475 1806 4227 3091 2883 3815 4009 3233 3071 1126 4629 2658 4447 2455 2349 4733 982 372 3220 1687 2640 3818 3972 681 1757 2048 3279 2975 4965
4618 1205 1563 4008 1368 2536 160 1167 3567 4396 4845 4267 3414 2501 2148 4803 204 1038 4688 1222 4270 2792 3593 924 1401 713 700 1590 4748 3566 1400 1151 4114 4004 2184 1549 532 1676 2429 346 2997 160 2020 910 2411 3195 1496 4312 3904 3889 474 1875 644 1605 2072 96 3739 1397 4416 3023 4987 445 1549 4080 372 4035 3150 1846 1142 1010 2406 945 3784 3364 2613 4163 3689 2186 1936 2905 902 3751 4877 1435 3226 1687 3809 359 925 498 2592 840 2285 2940 4327 472 2089 2171 258 1124
667 4249 3501 2106 3197 4193 1315 4574 397 328 1372 2114 67 362 3323 4609 3912 4217 4650 3456 1818 4240 971 1189 3923 780 2984 2329 1971 1684 140 784 1173 1096 1462 4379 667 1962 3534 4965 1994 4069 4677 2349 1090 4164 419 445 3665 1211 422 3198 4287 4116 2299 1927 1606 2802 1081 3170 4558 331 179 2499 2023 4002 2293 2066 4072 3769 3339 3307 4282 1031 3497 263 826 1992 3590 158 1589 1649 3035 4935 4304 570 3757 2921 3953 4353 3547 1539 425 2518 1262 4764 2445 2450 4834 3320
3877 3034 4480 1629 3042 601 1493 2463 3244 4315 1149 1743 3402 2162 3949 1941 3322 3209 3360 1805 2752 1404 2275 3588 3568 607 758 3375 1201 4430 4620 236 2446 2636 4451 542 3529 2407 118 4056 827 2577 43 367 4282 455 1905 4471 676 3926 4596 3144 856 4724 3306 4301 4801 904 4356 2441 2015 3054 3525 4292 919 1224 3325 1831 2335 2611 1160 3692 3983 453 2633 1147 3706 1862 3543 3150 4918 3055 852 1389 2462 1459 518 3146 1995 3950 4560 4920 3077 1406 3316 3643 1715 446 1729 3803
2661 4949 526 4988 1015 4653 968 3456 4627 4654 518 2057 4314 4822 2867 2617 1671 4404 3123 1583 3610 4742 2746 1512 3860 4186 3313 3921 1715 1245 4135 1036 3404 1602 1357 3484 1508 738 1848 1518 494 2917 395 1012 1631 2172 1704 2333 3397 2558 1538 1409 1764 1289 4906 4091 2362 2344 4436 8 3616 611 185 2683 3851 1362 414 4232 76 225 4505 2997 915 4671 2185 633 2729 3194 4094 2907 3567 414 516 197 4356 2064 4226 4397 1961 4425 1160 1212 1897 3665 1952 4477 4920 1260 510 4744
3346 2497 4126 1615 1344 2399 729 1369 1462 83 4518 2634 180 1066 861 4163 1029 1587 3742 2557 1294 1851 542 2986 1181 4235 3726 165 2820 3170 3915 4710 769 2797 3910 4049 2687 3158 1567 148 4707 4902 3423 2099 3510 4647 2979 3968 2191 4182 4739 4463 1687 1103 2517 3873 4576 3270 1901 4131 4179 4287 3331 1161 615 158 3347 1299 2650 2838 2144 3156 4243 1863 825 1034 3155 3875 1777 4786 3464 4735 1969 1424 179 4890 2721 4855 22 2926 3656 4453 4940 2014 4435 2059 222 4992 1336 665
1822 4953 4484 3852 2071 161 393 4437 2863 963 1564 3429 741 1868 4865 2411 4176 2988 4092 4166 2017 770 4399 143 3996 1095 4649 1733 2792 4447 3986 4846 1247 3979 3288 300 3353 2898 1551 460 3041 573 1298 3932 4731 120 2424 3910 3602 4319 1373 997 1350 3867 3406 1946 3702 445 1796 3221 1338 1451 3047 3597 2994 1984 2857 3343 1534 143 1676 4764 1013 3000 3742 2561 461 1689 2466 4036 924 843 4726 4800 2079 4196 3511 2120 711 3772 665 4074 1676 132 2572 4975 2549 3694 4651 2070
628 761 4067 2758 47 1725 2927 4099 1848 4276 4795 4558 667 3180 2280 632 1473 2924 4371 1337 3514 2612 326 127 1763 329 935 935 1426 1005 999 3042 3538 4504 3430 2520 1222 2424 1805 648 2015 2156 579 4853 3954 2482 1717 4062 3059 3050 1528 1250 1130 1083 443 1634 2956 1814 1575 4518 4470 4848 1723 1741 4384 4716 3822 1277 4450 467 2884 1231 2555 1009 958 3489 1082 1678 3387 2833 3274 427 3494 2415 3939 2421 2589 2448 3489 2434 688 3378 4688 201 1096 2252 4553 1355 3688 3044
4585 4947 148 3134 4783 3737 1736 3311 4892 3810 999 3771 4853 4548 2527 3475 792 2639 3838 3656 4849 3984 668 775 1865 2168 104 759 4540 1031 1743 1735 2804 901 2824 1770 2613 1605 198 2575 636 1544 4590 776 3473 918 356 1516 1371 4623 1863 1996 2950 2642 464 4110 994 2367 888 555 3815 3821 2245 2706 2129 2203 3867 2688 1682 3725 3672 2279 1059 2569 2286 1898 3779 2595 2587 2949 82 1637 421 2016 4783 3619 2032 2130 914 2863 4066 1486 3122 2910 1403 2812 2271 456 4149 4726
2066 2917 3033 2763 4251 4226 4914 1073 3963 1190 2218 4721 3636 502 158 4233 224 2165 2307 1510 3327 3541 4039 3860 714 2469 4230 3855 4089 2313 4666 4456 393 1224 615 2442 3852 1578 4358 765 4341 3903 1077 1030 649 1456 3289 4193 3369 3089 1181 3251 39 3968 4274 983 4937 704 1093 2302 1394 1090 315 1802 3747 1469 604 1042 2682 1269 1515 510 2648 4231 4864 1062 3640 1952 3745 2799 2459 874 112 535 1769 1184 4765 3305 3385 4976 709 1388 1911 4003 3072 1165 3862 2084 1152 2841
1696 2819 1122 3097 627 2615 1875 1347 3032 3660 3049 627 4622 9 310 2755 4036 2333 2787 4816 971 2364 996 134 4279 1463 2246 1966 3490 3260 592 1599 190 1934 2174 3739 2566 4343 3266 610 2043 3416 4134 1019 1158 2236 4593 3125 559 4983 743 1292 1486 25 3669 369 4495 1329 3058 4250 3057 4678 120 2429 3959 3728 2161 913 2899 471 1289 3941 2260 3289 3164 1813 657 4105 4765 642 4353 1084 2722 2982 3851 302 3516 1211 2209 224 1589 2839 4187 2149 3786 2793 2576 4742 4171 2012
1490 4967 3025 69 980 1935 4001 4111 2404 2547 4841 1318 3546 852 3035 200 378 4562 4660 732 635 4983 4927 3395 4263 1685 3700 1503 4666 2850 1935 4849 2530 1049 2813 2215 2640 2489 2697 649 3554 4708 1247 1028 3047 4568 1860 3296 2066 1166 4146 3559 2608 621 4656 1456 1853 4967 4596 2709 3397 386 1702 443 4947 4843 2117 579 2188 1730 4828 691 979 1128 2789 448 3081 470 1414 270 3378 1067 1524 2066 285 3390 520 2668 1302 4705 291 3499 3317 3297 1035 3796 2524 4089 950 1106
3999 1642 2526 1799 2461 80 154 1946 301 2254 2793 635 2768 584 226 3571 4133 2156 4493 3934 4981 197 3703 268 3860 33 4323 1886 908 2103 1757 525 2146 3699 2037 4821 2224 3707 2601 4492 4433 3862 4053 1962 1357 1970 4282 609 3061 2513 3615 2026 3459 494 1636 4948 2905 1453 529 245 1135 3431 4086 2122 3401 3859 1399 653 2704 4945 3742 2190 2270 3464 3860 470 1767 4671 4887 2888 4798 525 469 657 2748 610 2250 393 4979 4410 1889 3559 26 869 4972 4866 1820 2648 4192 1367
357 3489 72 1373 3022 3941 3226 4334 2349 1717 3498 3741 4868 2767 3928 3942 2881 2922 3083 1925 2475 2166 2868 3894 1123 2663 4738 3554 4703 99 779 163 4950 1063 3116 3228 4263 2404 3710 1089 218 2968 2524 4990 3951 1536 656 4328 4723 3640 1224 1808 2293 2388 4917 2368 4136 170 3305 3800 3249 4670 2865 710 2541 113 1916 4872 4014 1109 2673 4427 3074 2782 3517 219 4005 2659 3900 379 285 130 3883 1610 4203 2710 1339 716 182 1710 3635 3533 4900 1536 4328 4303 3721 604 3524 1496
3591 2856 2808 3064 635 3696 2033 4115 4337 34 1881 3195 613 3758 4125 4699 3803 1924 567 4423 1474 2770 4528 4580 2744 4883 2091 1273 1296 3881 1501 4337 138 524 1959 1120 591 2680 4685 236 3364 3877 1455 1413 2219 2717 4659 1297 2392 1856 1518 298 3379 856 4294 732 3702 2769 429 2024 959 3865 4667 4314 1367 3001 4053 3548 3445 2017 306 2091 3402 2493 3998 4060 4811 962 397 1516 1762 1333 2985 4120 1041 3561 4118 3186 2963 1684 4664 4225 3478 1341 236 3301 985 772 4390 3646
4697 1474 3735 951 2737 4626 1699 4636 28 2538 4301 4553 765 1578 4636 4300 2163 1874 195 534 1948 1952 32 2415 542 2634 4042 1009 2492 1918 4177 4040 852 2442 198 1834 834 2380 4245 4858 723 1802 2661 3904 4183 3913 4017 1449 3728 2947 3745 4106 4107 3763 981 1603 1097 4850 4423 3016 154 865 3115 1145 4219 3128 4824 4472 4595 1290 1082 497 4448 96 2696 1582 4512 884 380 1090 3884 480 2644 3960 3872 1716 3602 3022 4282 1339 1241 808 3333 2732 46 630 2444 1950 1472 2437
290 3269 145 262 2735 200 3282 381 3779 3888 3944 3130 1099 5 3191 4033 4331 4161 2503 2524 2852 477 3240 4721 1850 1058 2056 3964 1476 1464 58 4027 4317 841 3248 2612 2073 1262 2040 4767 271 3146 3392 2046 342 3735 4804 407 3122 1755 3208 768 3347 448 2247 4437 3628 1677 1586 1882 4561 4870 4057 3096 844 351 2971 3371 489 4533 3955 766 3993 1890 2946 3578 3139 3977 4901 4455 2927 2737 1929 1292 3303 4294 3329 258 2824 3768 4441 3913 377 223 2061 1270 4616 621 4815 3667
1220 3149 3494 1144 3292 2723 1121 1652 3234 1214 2713 791 441 206 643 4653 621 2604 3506 4607 4785 1725 2576 3866 2360 2069 486 945 2486 2171 409 1729 3849 3073 3394 4478 4238 2371 926 4887 3784 1289 1657 2413 1988 1089 240 2180 3823 711 4812 4348 3937 3029 642 4305 3862 3980 2949 2040 3716 3322 4524 3151 3704 4090 2135 152 259 4674 864 4893 3662 1106 627 1920 4223 4599 2416 3731 1571 3489 2116 4643 497 4739 1922 547 3681 3997 3254 1286 522 811 1336 3640 4234 953 1383 3718
4552 1331 3805 4405 2264 843 4493 4796 2861 1175 3636 2796 4516 4908 3954 4120 3420 277 1830 1905 1663 2804 2809 2371 1192 4132 3155 1736 4123 2181 3109 885 468 2022 2649 1380 3438 4398 535 1024 3280 3940 4851 4494 4195 1305 4996 4649 2742 3365 4300 3804 1960 1141 4505 264 1037 3321 1891 966 4875 2468 3724 3739 4518 2994 2638 4286 3614 1956 2446 1480 1490 294 688 3097 298 2866 519 2766 1175 3798 4592 1816 4111 3450 242 4851 1593 2867 2390 679 358 2859 3260 3891 1532 3398 1868 521
1050 4350 2880 2088 3602 4671 1458 4274 333 3903 2517 26 293 489 3139 4308 2760 2468 47 3751 1303 3678 2177 4927 969 3605 1505 709 4766 263 2547 1613 1393 2362 4510 3055 2180 1161 3914 3457 2264 1536 4156 17 965 3072 3495 499 1015 329 2506 2818 1750 234 4343 4214 1132 789 1106 641 870 3406 3606 4004 1417 4173 3769 1381 3917 4053 4558 1452 1171 2042 918 3513 4500 1528 4073 1878 4633 3596 4625 762 2514 3928 2664 1312 3037 4869 4784 3122 2622 3488 3594 3278 3885 4392 4799 2295
1622 1922 1024 1394 3013 1747 705 3510 4926 2481 1720 2990 844 52 3662 1313 620 4091 4103 1494 2203 614 4747 2963 3023 4287 2228 269 4405 4488 915 4267 1178 1048 1594 3652 4573 4832 3629 4930 3909 1158 1755 2657 568 1589 2071 1569 4593 4469 2540 2957 1664 4008 3618 3405 795 2414 3646 3651 1671 1161 1373 4273 1673 91 3107 154 273 4341 4916 4940 3701 174 1126 4401 3298 3702 4392 692 2692 4317 4853 102 3338 2232 505 1215 811 189 2422 1382 2002 32 210 4748 3122 4415 834 1137
3203 1644 3785 1500 4782 3297 3931 1410 2533 3796 3352 4405 109 3075 1068 2952 4386 4834 2595 43 1919 2968 1855 2370 3331 4435 4205 2731 2749 2309 460 4566 3488 3978 1651 4838 380 4742 4895 1153 853 630 3079 3822 4607 1745 794 1047 3001 3960 882 4931 552 3596 3492 4916 4425 234 1894 3491 3714 1531 2876 2450 3185 1045 1210 314 3911 4512 4666 1066 1277 3700 2107 2227 1175 3719 2928 2580 86 996 3667 2983 3812 3484 3551 1048 3901 3445 340 3217 4443 797 604 2044 41 294 820 3599
1166 2985 3593 595 4610 338 4773 2736 69 4845 2769 3623 4864 4371 2708 444 4785 2712 1641 1541 1501 4130 4139 445 185 760 394 561 3375 698 4168 1818 993 3659 370 636 2450 4544 191 3345 2678 4421 4037 3116 629 4637 659 3657 3819 2577 1700 3124 2951 648 895 87 1873 365 1626 4603 2825 357 4872 3574 2101 1263 4862 1665 4782 2840 474 728 1504 644 1215 836 4147 4235 1825 3952 2414 361 376 2160 2277 1591 490 2010 4069 2248 239 307 2331 3481 4765 4741 4831 2539 4700 591
3314 232 1286 1334 2179 3742 52 3306 2290 915 4891 1394 1204 2910 3044 2156 1039 2807 1657 4597 1387 766 2507 3942 2339 4816 1493 4676 3577 2575 3881 4937 2730 3250 4018 1461 4011 3541 4833 4382 1625 4095 4387 1135 2584 614 4583 981 4611 3104 32 564 2104 1456 2512 4946 1238 90 2421 2719 4926 4228 1654 1856 750 3954 342 136 1469 990 3527 2732 762 1289 1037 2699 1661 2027 97 607 3360 3336 534 4290 3877 1785 661 2979 3135 4883 288 2156 3233 3513 1288 4601 389 3116 279 445
1493 19 4174 446 4796 2902 941 98 3697 2979 2807 3701 2340 4885 1815 4188 3057 3371 779 111 4971 429 2396 331 3887 3787 2727 1646 4750 1381 3080 558 1936 2466 836 1651 2278 1470 1643 3477 4057 1150 4711 2498 4169 633 2098 3081 3748 336 3547 998 806 3272 2 3330 4530 3372 1772 597 1396 4501 4871 1358 885 3139 3769 1658 2425 1066 2015 1216 2136 4966 722 3900 1194 4575 2772 447 3668 1267 1660 3692 2020 2170 4176 2179 4877 1401 161 3529 1496 1656 3708 2056 2403 884 3951 2795
2604 1467 4353 4266 4858 1535 3146 4186 2887 4673 2924 1343 999 1887 2588 3795 894 183 3572 374 4385 3576 3685 4489 554 4177 4001 4413 119 8 4477 4214 461 22 1387 3885 91 4890 306 452 1082 738 4061 777 892 4915 4908 2170 4241 4238 3899 1940 894 57 4821 3683 4799 662 1103 1978 1160 3731 2484 1622 22 1525 1499 526 141 1499 2988 2790 4394 2130 2664 1636 3869 108 2463 3021 4632 999 2676 3496 2458 595 2873 3191 1834 2648 1991 136 4804 4617 1565 3817 1829 4429 1215 2248
4562 2390 1872 880 309 160 4548 27 4711 915 593 4616 3627 1615 4484 4651 1293 410 3916 2939 2196 2746 3559 464 2183 4784 3263 4082 3574 2342 484 3208 4083 1770 1502 2516 731 2207 310 3515 3134 578 4585 1335 4309 2626 393 4465 2579 645 1142 2399 569 1180 1803 2530 1082 4143 3959 4827 2 990 3324 1233 563 660 3326 176 2746 2257 4585 530 906 2610 4988 381 3668 4353 122 3942 1391 583 387 577 4837 1332 2657 3398 4882 2732 310 3963 3491 2732 1007 3127 2883 3655 2228 2494
4045 2820 1759 462 2379 2414 4387 4206 1942 1419 4651 423 2148 1348 2673 3163 1452 18 603 68 3409 897 2454 4974 4784 3045 3021 3483 835 1296 115 799 792 782 2844 1772 2988 1983 4341 2072 3601 2398 3736 4589 1195 533 289 192 2635 211 859 1339 2464 1937 3647 2678 3103 1379 191 2624 705 1857 2305 1858 4898 4065 217 893 3045 4683 1639 804 3818 409 2562 1896 4490 2764 2651 942 1570 3228 2717 271 696 2986 3588 3690 2067 2005 2639 4662 3942 4462 4401 3337 4486 2478 2358 2227
4365 4140 540 4071 2175 4194 1014 736 4815 3753 3368 2429 2541 533 2741 2053 3045 4901 3535 301 2153 962 2955 3046 3879 4386 660 2787 2299 1113 1603 1464 2250 1705 3541 4176 1926 3293 3326 3712 2714 452 3876 4145 2824 1933 1534 3930 26 4966 4306 3249 4149 2449 1149 855 2416 1265 3479 2822 2180 4973 1265 497 4315 2940 3502 1581 4274 4204 4484 4354 1382 3119 1603 907 175 4215 4827 239 182 453 1451 4904 259 3880 1546 3826 4569 162 1033 1753 3917 3863 3867 1015 3627 333 2324 616
2034 1787 2822 4787 4502 3028 598 3902 2019 1735 4410 1810 3985 2195 1665 2153 1427 1605 3514 3220 1161 2052 3291 1331 1451 525 3086 589 3011 4595 1636 3192 4402 406 1829 4825 3100 1682 2141 3528 2678 3552 1395 4774 4898 466 4902 2952 4844 3903 4669 938 839 2819 1027 608 2562 4048 1188 3754 1060 1809 2723 1006 3329 714 632 3615 2925 1365 1951 630 3335 4091 4203 4284 1028 3302 3583 369 744 3945 2144 1414 3429 3095 1363 4213 4932 707 2616 4244 2707 343 736 4679 3828 3251 1375 1966
3752 3621 4839 2996 2154 2918 4783 624 2412 3878 2639 2051 2242 3431 2844 2541 4619 4783 1628 3680 195 2678 1810 1343 3315 1258 1806 459 2996 1658 4808 240 1874 2367 4549 3018 254 1755 3088 2110 4187 56 2198 670 3614 2974 1966 2955 4946 1343 2897 1892 3114 3352 3000 3488 522 3969 885 2154 714 3777 3180 1442 4692 2864 1329 4961 2548 4099 4821 3528 1268 669 1296 1971 2902 1281 3881 4194 3891 4889 2054 1244 3202 781 3732 3287 2637 2435 2013 3901 1780 4992 942 4895 968 1976 3314 837
3174 2351 4884 856 328 3101 4787 2968 1762 280 4 2970 1293 4769 2830 1161 379 2418 4678 3410 3548 3230 4595 4677 3798 1473 4337 4407 4150 3205 4014 3731 2632 1485 3668 3708 2746 4995 4442 4130 2088 1524 2423 1725 3685 4897 830 4026 2675 443 2898 3371 4594 4283 2361 189 388 3460 1961 698 272 3482 1194 217 680 3645 2830 4526 464 2029 412 1919 1873 4245 3387 3509 1511 3386 2544 4366 3724 2482 4600 490 2102 2089 4493 1789 49 144 4951 1433 4882 423 1127 1886 986 2858 1649 3615
4116 3498 771 312 128 3458 730 2588 1223 3889 1280 688 1454 4952 4424 4494 2254 728 55 1961 4823 1159 955 725 4155 662 387 3121 486 2990 2300 2679 60 1445 1138 4256 3856 4446 492 3415 3408 870 3212 4299 1552 4182 3115 4784 217 3027 1536 811 487 2150 3238 57 1228 2894 110 2644 1159 3813 4819 3469 1874 3849 4023 4938 2819 4178 2397 498 1738 788 4164 4952 249 1760 591 2995 571 3100 2385 2140 916 272 4697 2999 3318 3343 4976 4361 4312 1422 1944 1304 1352 494 1265 4552
1448 1942 1859 386 4073 1971 3686 2218 1880 1417 302 4675 4115 4632 3720 338 715 1537 3353 4737 3018 3585 4184 2348 1725 2627 3224 2469 1772 344 4788 509 2786 1173 856 4159 3414 1004 3449 1311 4887 92 3981 441 4825 49 664 1021 1474 3942 410 2664 3283 131 2125 1215 1937 2735 1468 4008 4334 2864 2877 4532 3631 4046 3910 280 341 2924 2314 2673 621 403 3767 3102 2860 4473 1092 1357 2416 1505 2804 174 2183 1496 2928 600 517 3934 1959 3202 3068 4578 2877 3443 410 4144 4813 1849
2846 987 3029 44 628 4010 1465 4238 2613 3758 929 2313 1863 188 2296 4200 3321 1360 4103 2225 2219 4078 2996 820 2590 1900 1862 4337 1538 1833 4428 4230 1630 2376 4929 2714 1470 1906 3311 3083 3181 4189 442 1510 96 3929 2655 4348 4899 431 1472 212 4462 3705 817 2731 1124 1861 3839 4803 2641 4663 2211 407 2669 3872 2033 872 1482 3743 3161 1407 3131 20 836 4626 4976 2095 4831 4956 375 1146 2530 2101 2789 1131 3229 265 4337 2375 4203 1472 4012 1869 2896 4663 2378 4977 1364 3053
3264 1311 2130 1629 1238 3419 595 1745 2264 1985 4907 3327 1755 2902 3722 1747 1239 2587 615 3528 1442 1448 2700 3889 1962 2751 4326 1243 166 3241 2610 2360 1930 1759 1590 3221 260 3942 4706 4519 3571 609 4944 4098 148 4471 741 4031 1449 3733 3143 1441 4705 1589 1041 2415 4385 1952 3164 2028 965 3285 534 4637 3884 3947 3907 138 3129 2063 2407 1526 1710 4842 2721 3193 3410 3629 947 3581 481 4194 2406 1830 4903 403 3943 4039 4001 1369 2778 2101 1643 1500 1277 447 700 423 3249 3013
463 3341 3373 3295 4130 2661 4004 2438 3606 230 1771 3132 3391 803 82 3992 2743 3938 1419 933 855 2900 3117 185 4531 1146 3452 3089 710 2946 982 2507 2026 1580 1570 4865 143 1738 2842 4009 1815 1409 1979 2073 64 3127 4596 4029 3063 2610 2169 4650 334 3306 4191 2283 4368 1543 68 3640 3213 2347 2585 3577 1119 2937 2575 287 1693 2753 3066 4114 2641 2764 1076 560 2057 3535 4131 4905 2049 3233 4896 3942 1034 2675 3742 1922 769 4934 2293 1801 743 3289 1787 4384 4369 2649 1186 3474
1019 1758 1755 3845 3116 568 2213 4082 1405 2185 1372 2633 566 2507 3050 1298 488 556 3436 4817 3683 4070 1704 1849 1166 3812 674 2473 3258 1598 138 2457 376 100 3013 965 4470 4897 4996 344 602 3232 364 2596 2438 4880 4167 2612 1658 1154 4376 2087 1830 1426 2424 4479 1223 1782 3220 2498 3769 333 2738 742 3382 684 591 2857 2574 1814 1369 1756 1753 3412 4145 2913 2682 2958 2508 4923 3935 1367 252 1636 3247 3163 996 887 3468 1726 1585 2284 4038 2290 517 3817 4158 3055 4473 274
3531 1127 1686 3208 1537 753 1919 3095 2632 462 2812 1220 4133 2334 4113 380 1717 160 2228 325 222 288 1602 4780 937 4573 4119 1416 2738 3421 4856 3781 697 792 280 3677 3909 1024 4623 1642 186 4445 2433 4006 3301 1474 1934 3268 4727 641 2696 2564 2054 2765 566 4430 2045 3809 3230 3454 3732 1165 2331 4306 3437 2387 349 1700 3356 1065 2475 3056 4699 4570 4224 3704 1519 4296 2070 1672 3416 3685 942 1453 4672 2293 943 3286 4820 2447 235 2084 4262 4661 3234 3443 3052 1817 4896 4011
1294 476 2464 3559 2892 1406 492 744 4727 2310 682 2448 638 543 2900 1887 4149 754 2233 3786 4183 3021 3979 933 165 4855 1803 3894 3470 4007 2139 162 4525 4479 2337 3450 1625 2170 2175 3374 1491 1321 700 1206 20 942 2802 1657 392 3271 1143 1242 167 3736 2923 1138 2618 3756 3078 3770 1021 1922 1394 1239 1337 4613 4611 1800 814 2734 4799 59 999 381 1143 3059 3975 4548 3231 371 1099 4614 3704 3054 599 4405 4238 3496 4687 1818 2226 2934 1565 2515 4804 3346 3248 521 611 1671
931 1169 3772 844 213 3582 1269 4700 4176 3190 918 372 3714 324 1799 4080 4117 725 1622 4206 1939 1488 3222 4224 53 979 2173 2790 1490 687 1010 3014 4072 3758 909 2971 2414 1342 2423 737 1566 1180 3964 2526 4250 4393 3260 4936 1711 1864 3503 1020 4755 476 2489 2854 901 2129 1850 1941 2967 28 4073 4507 1395 4320 1105 3751 1013 3157 4165 209 3644 4302 1382 584 2744 3475 2438 3835 3245 1303 2553 4018 2430 4639 1156 3691 3718 1148 860 86 1767 4518 4817 3228 2119 2748 3928 3815
4211 4859 468 4477 1565 3590 873 4968 2729 4645 2750 2752 4832 376 3676 4769 3844 2235 1866 3985 2511 4496 2026 295 1472 3914 3746 2436 3125 2716 364 4049 278 2198 1046 51 3757 1233 2413 2786 394 1529 4021 3001 2010 1764 361 3850 972 1850 1609 2481 503 281 3339 1174 377 1439 4433 2207 1026 2530 1975 2936 422 4387 2667 3944 960 3348 4753 1604 3123 4204 4374 1826 4108 1035 4217 102 4369 2845 1178 1240 3948 394 549 612 2462 4386 1006 4311 1170 1113 4564 1508 524 2197 1650 3291
2511 2561 3261 4775 4081 3572 2946 3578 1095 2489 4639 4887 1956 1200 1160 2994 2920 1999 1369 4704 2937 2345 3259 1903 3170 4539 2984 2758 609 500 4305 3933 3353 2307 2390 3278 3488 2324 3579 447 2149 2142 1253 61 265 2045 3996 3201 2081 4485 883 777 4713 4841 3512 716 4122 3786 979 1402 3401 4195 3578 2224 851 4951 3320 1078 1027 4580 1457 3122 4408 2153 823 693 4847 2643 3952 4229 4497 420 247 1060 4517 1019 2325 862 2480 3021 2989 2487 2764 879 2818 3842 3403 4895 4476 3903
3547 4325 2055 4830 3082 1782 2172 4928 1339 471 3402 3442 4332 3124 2876 2081 3080 68 1777 1628 14 3441 1994 3258 173 2562 2259 3380 517 3009 2124 257 3222 3030 1407 1853 2276 2492 4338 2888 1148 4539 1637 4267 4476 2781 3083 876 3244 240 3067 2688 615 3891 4137 1586 3758 2627 3934 3648 3858 109 4496 1726 2539 548 3752 934 3333 1469 3279 2584 2299 508 3025 1572 1787 1638 2242 4042 3598 3929 2058 320 1912 4240 3754 895 3598 4490 3893 940 2968 3885 3023 3593 4065 1454 3409 2684
1475 434 2188 808 3596 4737 3973 131 2639 3265 332 3770 1873 2686 1958 426 3679 3172 2217 2985 2410 2462 2712 3144 2369 3668 655 1183 3285 3898 2037 1515 4709 4034 1754 281 780 4723 481 930 759 876 3593 200 4386 1086 4603 2451 3772 866 2551 3161 4861 4919 1388 1907 1239 4487 3750 1014 2174 2468 2494 2366 2278 3302 2153 208 3 2636 725 3535 4326 4000 2126 2789 2039 1867 4640 1358 3850 1493 3171 453 2279 4046 3708 3205 4134 1567 224 4441 51 4089 2286 1569 2185 2305 2818 2979
3829 1934 1095 1600 1693 353 188 1615 2296 1958 4866 1815 454 1538 3674 1278 1070 765 4904 3086 4190 829 2446 2090 567 2567 4134 520 507 686 1209 1898 712 1729 4051 3460 2709 3578 3367 3196 482 4288 2253 184 3370 2620 511 3367 1264 1574 4991 2571 3426 3502 2174 1328 2461 78 1193 3730 3175 2104 2413 3405 2818 2323 3344 2265 2810 4144 2252 3304 1869 3017 4412 3038 4688 2235 73 1569 3576 1061 4449 3771 4675 4803 956 2300 2999 1634 3530 589 844 1199 520 2277 647 2038 3793 4956
1269 4616 1902 3252 4102 2861 579 609 4799 3388 10 2751 657 1853 3542 4214 1757 4690 4307 1377 2025 3868 298 1258 312 470 178 2247 2795 3054 1005 2705 1511 3779 1890 4343 783 1907 1357 2515 2991 4295 2992 250 453 2124 2360 835 2978 1881 4948 1427 3967 4954 4562 2415 4871 2632 2251 1871 2482 3641 4284 4811 3703 1232 2115 2807 3629 2136 295 2108 4172 4455 2884 3927 4562 69 3670 3290 4917 2666 3523 3150 1419 2050 2409 793 962 3419 3024 3835 3812 3057 2743 280 3155 1531 1730 369
2833 994 4626 4373 2782 4954 1012 572 4128 3069 3520 2556 2095 3489 4066 3100 12 4272 297 3996 2046 2691 1740 1516 368 2190 2813 173 3796 129 3886 147 917 2912 1345 136 2572 4038 278 4813 1355 2578 4360 681 2986 4565 2795 3919 3376 3525 2026 1935 831 1981 1718 2329 2374 4365 1810 2118 3334 569 863 295 1279 1425 1752 4860 2784 4125 3174 2551 248 1020 1387 4049 3545 2783 4097 3253 3437 4571 4124 2120 414 1558 4518 4199 1407 1714 4569 472 2958 4071 2101 4464 609 2419 3866 757
146 3109 2480 1001 3645 852 1 4376 102 3180 2027 3201 3409 729 3752 4384 2711 2513 548 2794 760 4885 3602 4165 4406 2515 3920 4360 440 3022 245 4360 2910 963 4483 4327 3800 4699 4153 1588 4454 4685 938 4370 2423 4860 3004 3864 1428 2422 2581 1210 3908 3082 361 4002 1862 3218 4627 2153 4120 1776 2335 2282 3222 526 2369 1132 1974 4019 2690 3547 4773 915 1442 320 3170 639 3562 240 837 2503 3200 3996 4497 952 3313 3951 2374 1676 1966 2157 2282 3506 3823 4806 360 2001 1314 4555
4910 2033 509 2991 137 1789 4828 4058 3810 2372 3518 4521 4065 2029 2418 244 3456 1907 1118 1386 397 204 3528 409 2680 3904 3891 2322 499 2887 2321 1922 1682 4191 3894 3588 4560 1326 235 983 4295 3492 2004 4174 816 3828 823 2361 1846 1212 1231 3948 2094 304 1541 1480 1454 891 274 3425 2664 1765 4827 748 2274 1037 4594 1195 1677 1381 4706 4701 2561 4037 3172 3182 1950 3348 3849 1154 1851 3025 3031 2754 483 696 1197 2509 3820 1184 4320 413 3109 3501 336 3346 3435 3164 960 3602
502 1619 463 375 4203 2774 907 3800 1563 4572 4962 4032 393 1506 2065 4634 3767 4874 3812 4723 4180 3340 4069 3354 3284 1767 4248 3343 3603 3938 747 4660 2226 2047 2867 4217 1791 2283 4589 4616 314 3505 1976 3669 169 1668 1568 1282 4888 4339 2375 4444 3059 3515 49 2426 4145 471 287 2614 4563 2215 4817 1481 4547 2489 4867 4858 638 2828 48 1113 3134 1786 2504 2327 4909 307 479 4376 1651 4765 592 3685 2217 4810 729 813 4269 1538 1166 349 2757 1125 3885 4931 4522 4938 523 1668
2593 2093 4652 119 1364 1324 3625 4217 2486 931 173 4714 2287 2520 3565 3308 6 2802 1085 1608 1635 4697 1452 2565 1201 1471 1493 80 2745 34 4043 1666 137 2464 3828 4570 3354 333 3113 572 2591 384 4830 3820 2976 3950 4544 664 1668 152 4724 2186 2464 4070 1290 2116 3316 611 434 2391 4754 1217 4638 915 1980 1880 3973 889 2429 1349 3636 956 4946 4522 1554 1594 3527 4530 997 747 327 475 2522 3294 619 259 1232 2034 1497 3426 1837 184 2733 2105 3493 3556 402 1056 2216 2891
1947 4073 4388 697 3911 3439 4801 2280 2285 3940 2048 4165 4004 3454 3977 1746 602 4066 4210 1271 4665 4314 427 2159 2892 829 4718 1375 4654 4541 2277 3908 1728 3525 640 4595 4376 1686 2412 1439 1646 4085 1532 1426 1159 3625 3675 2576 2985 4216 312 3545 886 1619 1299 4155 819 4278 663 113 1384 136 2353 2300 4877 4362 4193 1925 4431 1207 4727 4010 4909 3339 4309 1357 1335 3823 1358 1031 3516 3559 3338 91 2854 3638 1755 3846 4594 2269 1367 3029 1835 4784 2477 1661 2571 3325 3211 2505
2122 1688 397 416 3649 678 2757 3307 2650 1381 2734 953 1009 2814 3582 77 3977 1496 1412 2565 2022 854 1210 2978 1970 2446 758 275 3648 404 1903 4757 4093 990 2322 3402 3631 3167 4165 359 4998 1200 2351 3810 95 2945 3678 4454 4157 1629 606 1100 571 2998 2301 850 4233 3411 1078 4268 3739 475 2831 1569 4880 4469 552 3810 4250 1693 4401 2214 896 1538 1475 3007 471 4421 2152 1435 755 79 3662 3844 1603 2995 1584 4851 3302 3455 1639 997 4485 3136 4994 3978 2280 188 1298 4006
413 2699 3211 3185 2422 1808 2215 3310 4002 1880 4836 10 3278 67 4748 4110 2140 1282 2513 123 4812 2430 4912 1693 3584 1022 4758 327 3779 1116 3498 2570 3175 2908 4736 610 3631 3696 602 4677 451 4087 2658 2837 2071 259 3451 4705 2228 2826 3976 3084 408 362 4925 1210 1307 3505 949 4490 135 22 4839 4878 4923 2517 4570 4481 3553 2685 3192 3002 2499 4627 103 1308 3035 4279 722 2409 3984 3789 1955 4219 311 653 2821 3148 1889 3243 690 2834 244 1680 1510 3577 1715 3964 4067 1878
2625 4430 4899 1975 3568 219 3718 1438 4288 2550 2691 2552 3238 4718 985 4482 1810 3428 465 3181 4607 2255 3737 3246 2070 4458 1470 695 2743 3506 3671 1268 4543 47 4121 3185 4415 1634 1513 2330 2575 2089 1092 2350 4370 1981 3758 3460 4592 1594 3607 3669 2177 4732 4620 915 4097 4409 2249 3754 1805 213 3301 2761 2450 750 1895 2601 2282 986 612 631 884 4651 4370 1550 3433 300 2961 455 3831 78 3519 1785 21 3800 1962 1716 3770 3464 891 1352 404 4201 2986 4401 1290 1048 3926 2834
712 1087 1018 3414 4026 3456 4075 560 2450 4016 2820 4576 1287 4946 4877 4733 2916 4006 352 4526 4151 1986 2439 4531 2130 1210 1404 4573 3887 2377 1888 4625 4061 639 788 724 957 1451 1626 4411 941 1217 663 2436 280 2103 675 695 382 3212 711 4171 2480 3717 3881 1531 2552 478 1826 899 1951 3892 2206 55 861 960 3760 2888 414 4853 662 2976 80 4280 3998 263 2380 3098 3623 1715 3249 2741 395 459 4075 3566 2341 130 3370 4640 1567 526 3925 277 3613 4985 3954 3697 4482 1114
3805 4959 4542 4002 2093 714 631 1848 4839 1397 3331 1377 497 2891 4831 3285 4493 1726 2423 3590 4055 565 2008 2998 3396 3851 2514 3210 4194 629 78 25 4589 873 3179 2529 2374 579 3287 1707 4760 4319 2804 1734 2376 4004 3730 3481 4922 3258 952 1581 3714 3952 3173 4154 4101 2752 272 2495 3849 552 2620 3993 4599 161 3671 1326 467 73 1963 1980 420 1744 4168 4756 3028 4466 1621 2730 528 246 4231 797 1730 1192 2469 3403 1173 57 38 3690 2206 2827 2913 3211 483 4804 4226 290
142 4423 2841 2418 2240 873 1684 4712 2298 5000 4369 4767 767 1838 4790 2347 3925 756 4982 2147 1815 4432 3892 2512 4175 2783 1688 4132 3050 676 3239 570 3803 272 3657 850 3270 867 2698 1928 2623 2077 539 2128 1165 3797 3184 4746 3946 1055 1164 960 185 1707 2732 4831 2632 577 1658 1029 426 2686 3513 10 3448 195 1363 4376 4168 1133 431 1802 3346 4663 1041 3467 3794 1008 53 2809 4250 4562 3387 163 1994 4773 2424 4332 99 140 3261 4639 649 3030 3900 2706 1135 269 3747 1304
385 4129 4999 2454 505 4185 4782 2353 4382 2469 2810 2808 2088 1382 1331 2958 1075 3765 3368 3964 2523 4412 2251 2485 61 196 3024 1478 3987 2891 1383 2866 2277 1298 2655 497 4585 3028 4235 1714 1531 1539 1362 4377 4877 4886 58 1160 684 4133 4000 1802 2990 2397 3832 1485 874 1348 3752 589 1827 4942 345 3834 1853 192 1635 814 4143 3854 1800 2157 3727 3311 1052 4898 4256 2473 1741 3061 4746 2363 149 4865 86 1097 1753 4689 2024 192 3443 3121 501 3692 2745 4942 3455 3609 2405 2850
3233 4233 1724 347 231 389 3230 4880 3707 4012 4698 4161 3588 1994 2360 4135 4701 1954 617 2570 77 1033 4654 2767 4311 1266 940 51 2812 630 2707 1062 2208 1481 315 1510 583 1120 3636 1704 4521 1393 3667 3848 3250 3348 345 3462 1977 3623 1587 2923 2822 767 2024 446 2605 4026 1155 2351 1288 1762 2195 2286 1057 480 3025 1507 477 865 2360 697 4973 1539 4657 4727 4770 604 204 17 196 945 4224 1675 3230 3454 3718 3940 3628 2183 1951 4499 4897 2475 474 2437 1527 2461 175 1157
641 4566 3004 3621 296 4143 3154 486 4407 834 591 3457 2478 4650 934 4413 1585 2213 3909 900 3676 4778 1109 2171 3677 2510 2273 1771 4893 3576 3980 3007 4910 485 579 2674 832 4404 4812 609 2895 2122 2313 1872 4141 1091 4026 2988 1949 2263 3977 1853 3848 4102 4141 2989 1229 4417 3352 2198 1208 2427 409 3615 4133 3853 4704 3364 2698 4362 2671 2218 3493 1547 4997 4810 83 649 3684 4458 2710 2294 3134 1851 4307 4644 3794 4158 459 197 2452 4906 3718 1325 1428 1288 2322 4562 3021 2760
2796 4940 3451 3088 664 2160 3424 2352 2428 3868 1775 275 2171 3841 98 3542 2114 2830 2104 3627 3058 4963 176 1515 2296 3954 1735 886 4349 1742 3744 3331 721 1946 3609 2504 4445 1668 3467 439 3375 1531 1209 2890 4104 1097 540 2810 1700 708 1256 3279 3922 2517 767 2530 4603 688 1533 4158 4425 2405 4429 3280 4120 1998 2353 415 1296 2419 1680 1333 4517 3787 426 4941 4946 3512 2810 3658 4363 2896 1125 4119 2404 1140 3808 4651 3862 3605 1898 2125 460 4458 4787 3530 881 3760 781 4461
2294 3730 3469 3761 1167 1033 1829 1301 2651 716 4592 2380 4740 3778 59 857 2481 3711 2071 59 4310 3121 3495 1391 851 4103 4146 224 125 3212 1158 2627 3139 2060 3108 1427 1369 640 4833 3275 3976 4350 3413 2273 2731 2373 1106 3728 2018 4121 1810 4862 3400 4970 2568 1284 1098 1266 1529 4479 4973 2504 3186 2144 1649 4086 3153 4208 461 2298 4025 4809 3751 2205 3362 3937 2291 727 794 1433 3644 4596 3257 488 2750 742 3668 174 912 4669 232 3448 2256 2123 1691 4581 3538 2220 480 1535
1274 1231 3495 2940 1088 1817 1961 2612 884 2212 238 4553 1086 3700 1780 1865 593 3481 1583 2303 101 3141 3190 2285 547 3102 2549 3303 4532 249 691 612 4802 3245 144 3166 4476 2984 973 3859 1384 219 561 2434 3017 2261 4495 4738 4350 2837 2067 4080 4188 4070 4829 727 3149 1256 368 3109 137 1883 4540 576 3360 1151 1268 1464 1154 3819 2825 3259 4630 1282 1408 4524 1351 1894 3094 4964 1775 1796 537 4968 4079 4346 1129 3816 1622 1697 2206 1460 2584 4813 4501 2759 3480 830 2676 924
2278 2811 4917 2183 190 817 636 404 3951 2071 3139 4778 1483 586 90 2351 4941 3977 3354 4707 69 1274 2664 3885 6 2120 3261 1827 4948 2297 3224 2749 4194 2560 4561 3437 713 3524 845 514 302 688 887 2684 4102 3163 2353 1516 4146 833 2514 1060 512 1007 3063 770 4204 2806 4763 554 89 3668 2984 3265 2303 411 2612 1398 3361 2447 1909 1819 4698 2332 4517 1465 2481 147 1422 4513 3320 3901 2778 4938 2571 3964 4696 1495 2214 1652 3099 889 158 1825 3028 1027 1894 4806 2211 1617
3477 1270 2109 2836 3282 917 3880 2708 2688 4072 1463 4029 2979 1238 1122 44 3591 3686 1169 4019 1753 1113 4775 4739 558 2958 3512 1383 222 1130 2408 2413 2035 2243 491 3530 3011 1780 4140 1011 2051 44 35 2873 4420 3874 3961 439 1853 135 351 3650 3323 2927 2531 1047 33 3865 925 3725 1675 85 3779 501 1547 4141 862 232 3727 37 167 2074 3035 19 608 4531 3599 692 2031 4206 4893 804 2565 3810 3008 1760 1576 1191 2188 2487 2237 4548 1464 3594 4715 4984 2545 807 418 1773
1077 4096 2639 2266 366 1082 1492 2047 1295 4042 4974 3130 2216 591 1045 1724 2077 3633 3041 4649 2799 1902 1163 3373 4237 2534 2402 3674 1785 4740 4399 4678 42 1059 2260 787 3049 3552 1863 194 3691 4338 1502 2836 3738 657 3062 3912 2333 539 4580 3027 4293 3718 4825 3511 3842 4439 2755 2584 3306 55 341 3186 4185 3863 1829 2029 1124 1946 3323 2671 1716 1149 1145 692 4443 1061 4630 915 861 3913 4130 4961 823 4440 167 2833 2015 4667 4748 3837 4475 1830 4470 884 1629 2443 2039 3198
693 1944 4355 4086 329 1258 1446 4057 362 470 873 2316 1358 2105 4375 3531 2167 446 844 2064 1376 3583 97 4155 3496 1532 2310 4191 1837 3309 3844 4893 1010 1542 4303 3737 3345 4865 1721 1969 4401 2092 14 1603 2802 1612 3660 1716 3232 754 3274 121 2494 2141 1883 1418 1520 1992 3724 4531 1449 4583 404 4070 3361 3672 4610 236 1754 580 3732 4984 176 3720 1159 3588 2164 3342 1664 799 3757 2362 2583 1128 2305 4423 2188 1520 2147 2432 796 718 53 2735 442 2968 3474 3869 2134 4101
513 3920 4068 2443 4910 1377 934 3366 3120 4672 1186 3386 2043 2874 2886 1290 3850 1916 2756 3021 577 4059 3760 1697 4845 4140 613 4821 3173 160 3230 1691 3301 1899 907 4331 3331 1320 2720 3501 3825 4489 4817 3698 1434 2262 1156 395 3370 1329 747 2226 818 2472 1415 1141 349 771 3536 3568 4498 1521 2578 3152 994 2999 4188 1054 1874 551 3667 4411 3202 1149 1251 3314 3539 1542 594 625 1313 4416 1491 222 3441 1999 3502 1514 4895 3245 586 3817 3968 2704 3843 3001 784 4000 4334 1897
1656 3572 1742 4751 4022 4318 1457 2164 4358 4581 4056 1551 1290 1875 4053 2569 1676 2069 1777 3233 1292 4931 1936 1272 4625 4886 2070 2212 3322 87 1908 1200 3281 2725 619 416 3475 1593 482 629 2944 1311 1545 2547 2144 722 1570 4902 3731 4448 2553 3299 2042 3921 3575 2640 2391 3523 2558 3064 600 1763 1817 1346 1150 1228 122 1040 3928 4030 4354 815 4205 2168 4350 3971 4880 3958 3703 3101 3000 3114 1176 2286 2528 4288 2488 3897 549 3780 2009 1894 345 4392 767 1595 4906 347 497 1892
1625 2027 3776 2151 4079 899 2677 1944 2764 4849 608 4962 770 2117 3338 3610 4704 834 2967 2025 1843 3707 2406 4763 3826 637 4683 4985 281 579 3102 2740 489 1422 3644 4615 3886 3086 3696 4978 1271 4078 35 1380 3271 4393 4125 1465 4113 486 544 4848 4141 3775 1095 4102 4869 1846 1604 1576 2422 1843 3506 1359 2928 2051 3378 2799 2269 3255 2378 135 450 4522 398 2239 4713 4932 3348 2322 2631 2700 2268 2988 552 2089 159 2468 3228 4591 3849 4676 4298 2850 1153 3153 1590 4488 959 1902
1083 4328 1683 2681 225 2096 4235 4779 2015 2271 2574 2872 3361 1391 4213 3278 2089 1339 2067 1158 1286 1673 1029 4471 2920 1773 1356 1199 296 4955 3164 4860 2364 3732 247 3219 3348 4387 4803 3741 4016 4540 145 3135 2032 2904 480 4142 862 508 4340 2668 560 75 4191 2069 200 725 4341 2054 282 4944 4802 1309 3480 2332 1639 4877 3851 894 123 4744 576 4104 2411 3880 1707 3678 324 2618 2566 669 17 3168 4709 3567 2156 376 2425 3353 4092 3962 4370 4869 2841 188 1441 4111 913 2004
2633 3822 819 1133 3535 2151 4485 4364 2901 110 882 3072 1326 897 2045 4901 413 2620 4091 3164 1082 3872 2398 580 2017 2530 2984 1261 2836 3025 2214 633 2341 3482 2591 3901 4875 3879 842 2583 764 481 3073 4235 4941 10 849 2418 2045 245 2180 2531 4217 3506 1264 4466 756 2262 3439 674 2334 4859 470 2827 3859 3869 513 1011 618 3788 2824 2888 3430 4387 824 3787 796 4415 1835 4509 141 4975 608 3092 575 1605 4113 3920 1405 1962 4219 3549 2697 2105 2632 597 3192 594 4146 849