15 15
91 46 2 23 78 17 95 61 96 17 68 20 24 42 12
29 87 82 74 42 45 9 38 16 86 103 46 111 39 92
75 108 22 30 101 42 9 13 15 72 57 82 6 16 29
93 110 97 31 58 46 94 49 34 70 64 63 98 76 99
28 112 109 8 50 12 88 25 36 60 27 6 74 22 91
7 30 49 70 61 50 46 47 78 84 53 57 74 64 71
27 55 92 85 41 6 30 9 94 38 64 73 102 54 24
98 37 2 37 104 80 104 18 98 98 8 71 37 56 7
59 66 36 83 11 62 72 2 107 62 4 21 19 47 13
54 63 86 76 18 27 15 1 16 11 82 3 72 43 109
73 67 91 52 24 34 69 75 74 45 94 1 73 69 45
2 93 11 59 91 87 1 50 28 109 83 23 69 56 22
40 21 103 83 47 67 64 7 74 35 53 64 111 37 25
32 39 14 111 60 82 83 23 88 44 24 40 4 79 112
43 4 102 6 86 63 85 56 2 33 1 76 14 66 69