25 25
27 30 22 24 9 21 32 15 33 11 34 18 17 8 25 25 25 8 29 3 28 32 20 26 19
4 26 35 10 40 33 1 20 7 16 32 31 35 9 32 9 1 30 32 39 30 41 22 40 5
4 2 18 12 14 38 15 15 14 1 1 23 26 24 37 4 8 18 37 36 41 36 25 25 3
16 16 17 35 24 10 33 4 16 35 7 20 25 12 25 41 34 31 3 10 13 10 39 1 23
23 20 20 14 31 34 1 33 32 17 22 11 37 31 10 14 3 12 4 30 26 12 32 35 28
27 37 6 41 22 21 10 31 7 29 13 15 27 14 29 11 32 29 35 34 9 39 26 32 17
7 25 28 18 15 3 2 1 12 31 36 12 34 39 3 26 38 21 13 10 18 2 8 5 10
29 15 20 23 5 24 41 37 17 7 5 2 8 13 2 11 8 14 36 32 30 25 29 18 21
26 37 18 13 8 30 22 24 17 16 22 9 14 38 3 36 32 35 39 14 37 4 8 15 41
36 3 16 18 23 27 23 32 20 24 6 8 32 35 17 15 5 13 29 10 15 15 10 23 29
3 14 41 5 24 5 7 1 11 2 17 29 35 7 10 34 29 40 20 38 19 19 27 12 10
39 12 2 36 41 24 7 3 29 36 8 17 1 16 13 17 25 41 20 10 10 22 24 35 4
1 32 18 10 22 7 31 28 25 6 41 32 15 24 18 31 34 12 21 4 38 2 1 32 41
31 18 12 35 13 19 13 9 35 19 31 27 19 17 23 5 30 17 3 38 10 24 14 17 25
36 31 10 9 1 7 29 2 4 27 8 2 26 41 24 22 3 9 1 25 30 5 18 2 11
28 25 20 5 14 5 29 39 7 19 8 40 29 38 41 8 12 7 7 14 41 37 41 22 13
25 16 28 37 35 33 22 41 26 33 29 38 17 23 4 34 18 30 23 41 7 26 12 30 36
1 20 6 21 32 1 4 38 20 31 22 38 18 31 5 2 3 18 38 32 10 2 33 7 18
4 23 40 19 30 18 14 21 22 31 2 22 38 30 3 3 14 35 19 34 31 13 26 31 17
6 26 4 27 1 3 13 18 24 7 5 2 7 25 25 20 12 7 22 26 19 34 39 20 2
20 31 37 40 39 5 13 26 19 6 7 39 1 6 25 10 31 19 30 20 31 10 11 41 12
26 7 28 24 38 12 3 28 20 30 23 2 21 13 39 6 9 35 17 10 16 26 34 19 21
39 11 25 37 26 31 15 12 20 17 30 21 39 15 10 25 27 3 2 26 40 14 15 19 15
28 33 20 2 16 12 13 23 26 30 11 38 24 31 17 31 7 15 20 2 39 2 24 39 2
17 20 11 21 4 11 14 18 14 11 41 23 37 5 37 1 1 5 9 1 10 21 22 27 30 