30 30
29 28 27 26 25 24 23 22 21 20 19 18 17 16 15 14 13 12 11 10 9 8 7 6 5 4 3 2 1 0
31 123 382 264 320 399 553 850 806 513 207 626 482 576 813 276 886 168 323 439 878 307 77 641 127 386 197 640 897 116
32 812 394 898 768 455 667 169 240 829 470 487 407 212 795 317 860 820 138 120 198 351 564 565 60 785 214 794 644 115
33 533 264 635 173 871 880 366 48 741 486 847 60 137 262 737 141 816 101 247 818 477 14 762 90 352 764 728 132 114
34 643 754 456 452 730 512 889 119 56 880 79 205 648 571 441 420 36 824 228 481 211 673 476 410 394 476 76 33 113
35 151 891 770 430 773 227 599 521 359 286 166 30 874 771 239 4 559 242 686 87 114 622 188 8 689 399 759 263 112
36 590 854 137 356 358 759 347 853 873 185 167 271 354 252 320 751 768 135 385 162 579 701 406 697 635 466 828 876 111
37 789 581 856 380 298 730 117 58 582 110 39 469 622 161 214 284 100 304 99 379 99 442 537 267 519 722 592 145 110
38 813 207 498 619 159 506 890 693 702 650 588 661 652 691 644 677 536 439 241 41 441 785 125 720 165 139 857 295 109
39 510 506 785 386 761 529 789 301 618 497 564 796 842 509 674 690 726 481 444 892 340 897 552 180 758 237 303 442 108
40 376 585 525 93 97 154 7 894 650 622 23 166 366 367 247 310 408 33 787 254 229 697 548 299 283 314 543 632 107
41 424 442 224 670 61 713 268 326 636 758 167 819 581 194 671 261 854 138 751 403 291 614 817 415 838 174 347 213 106
42 50 93 64 630 880 432 881 667 562 143 491 403 538 266 104 249 772 336 611 130 749 834 824 525 80 692 516 820 105
43 843 131 805 629 98 742 409 330 264 201 350 215 323 95 472 457 759 158 652 338 718 668 355 261 734 847 727 75 104
44 857 325 818 87 474 37 501 470 584 313 644 610 278 194 539 144 420 612 578 867 666 98 120 665 87 186 373 742 103
45 795 19 183 797 836 208 636 529 44 182 591 170 414 466 744 583 525 668 74 752 591 661 294 665 140 20 580 155 102
46 207 416 259 876 644 777 98 195 400 885 54 34 440 212 326 528 297 185 356 33 325 277 36 890 6 167 314 383 101
47 242 334 734 83 592 152 742 300 209 542 170 207 607 670 738 837 636 584 645 198 651 806 566 152 749 355 458 221 100
48 357 243 92 895 287 115 511 153 542 126 121 841 315 393 627 300 821 422 671 358 704 589 431 92 763 165 546 85 99
49 732 491 269 646 865 302 650 162 165 669 111 684 745 336 156 669 586 119 841 737 794 160 60 414 267 769 517 643 98
50 302 193 264 348 28 781 342 83 659 142 309 26 785 72 223 70 737 734 312 759 595 103 480 358 621 304 412 517 97
51 137 562 675 321 450 510 290 879 77 765 635 114 202 315 195 536 758 552 423 738 151 97 613 38 841 5 845 648 96
52 854 173 668 789 660 554 49 241 303 686 49 310 385 362 59 603 621 840 146 324 386 541 893 274 262 448 382 173 95
53 26 610 290 376 29 239 687 735 291 868 620 237 433 303 88 160 166 897 20 116 128 437 807 515 383 24 458 374 94
54 532 514 280 813 870 633 203 598 777 132 815 300 283 607 880 232 29 62 629 316 173 108 289 169 508 823 736 529 93
55 453 292 200 200 559 471 597 421 671 633 452 540 41 692 821 592 539 356 533 332 194 330 875 663 854 596 91 256 92
56 447 8 642 892 380 585 244 661 12 256 366 819 516 802 81 218 611 872 2 107 290 249 262 651 613 60 326 566 91
57 807 393 733 612 270 670 599 323 368 421 733 891 218 585 529 135 368 559 256 409 820 887 23 164 671 151 359 470 90
58 111 726 308 108 174 377 572 25 153 878 511 794 639 108 257 659 67 286 598 639 591 554 747 241 47 645 186 466 89
59 60 61 62 63 64 65 66 67 68 69 70 71 72 73 74 75 76 77 78 79 80 81 82 83 84 85 86 87 88